Json, train = +1
{
    "forward": [
        {
            "values": [
                0.6588362149735607,
                0.7244835261346975,
                0.5494240297049995,
                0.593188903812424,
                0.46189428149015044,
                0.0,
                0.0,
                0.0,
                0.0,
                0.0,
                0.44001184443643815,
                0.9104842410912516,
                0.6697774335004169,
                0.5494240297049995,
                0.341540877694733
            ],
            "masks": [
                1.0,
                1.0,
                1.0,
                1.0,
                1.0,
                0.0,
                0.0,
                0.0,
                0.0,
                0.0,
                1.0,
                1.0,
                1.0,
                1.0,
                1.0
            ],
            "deltas": [
                0.0,
                1.0,
                1.0,
                1.0,
                1.0,
                1.0,
                2.0,
                3.0,
                4.0,
                5.0,
                6.0,
                1.0,
                1.0,
                1.0,
                1.0
            ],
            "forwards": [
                0.6588362149735607,
                0.7244835261346975,
                0.5494240297049995,
                0.593188903812424,
                0.46189428149015044,
                0.0,
                0.0,
                0.0,
                0.0,
                0.0,
                0.44001184443643815,
                0.9104842410912516,
                0.6697774335004169,
                0.5494240297049995,
                0.341540877694733
            ],
            "evals": [
                0.6588362149735607,
                0.7244835261346975,
                0.5494240297049995,
                0.593188903812424,
                0.46189428149015044,
                0.3743645332753014,
                0.24306991095302788,
                0.2868347850604524,
                0.07895163305018599,
                0.1227165071576105,
                0.44001184443643815,
                0.9104842410912516,
                0.6697774335004169,
                0.5494240297049995,
                0.341540877694733
            ],
            "eval_masks": [
                0.0,
                0.0,
                0.0,
                0.0,
                0.0,
                1.0,
                1.0,
                1.0,
                1.0,
                1.0,
                0.0,
                0.0,
                0.0,
                0.0,
                0.0
            ]
        }
    ],
    "backward": [
        {
            "values": [
                0.6588362149735607,
                0.7244835261346975,
                0.5494240297049995,
                0.593188903812424,
                0.46189428149015044,
                0.0,
                0.0,
                0.0,
                0.0,
                0.0,
                0.44001184443643815,
                0.9104842410912516,
                0.6697774335004169,
                0.5494240297049995,
                0.341540877694733
            ],
            "masks": [
                1.0,
                1.0,
                1.0,
                1.0,
                1.0,
                0.0,
                0.0,
                0.0,
                0.0,
                0.0,
                1.0,
                1.0,
                1.0,
                1.0,
                1.0
            ],
            "deltas": [
                0.0,
                1.0,
                1.0,
                1.0,
                1.0,
                1.0,
                2.0,
                3.0,
                4.0,
                5.0,
                6.0,
                1.0,
                1.0,
                1.0,
                1.0
            ],
            "forwards": [
                0.6588362149735607,
                0.7244835261346975,
                0.5494240297049995,
                0.593188903812424,
                0.46189428149015044,
                0.0,
                0.0,
                0.0,
                0.0,
                0.0,
                0.44001184443643815,
                0.9104842410912516,
                0.6697774335004169,
                0.5494240297049995,
                0.341540877694733
            ],
            "evals": [
                0.6588362149735607,
                0.7244835261346975,
                0.5494240297049995,
                0.593188903812424,
                0.46189428149015044,
                0.3743645332753014,
                0.24306991095302788,
                0.2868347850604524,
                0.07895163305018599,
                0.1227165071576105,
                0.44001184443643815,
                0.9104842410912516,
                0.6697774335004169,
                0.5494240297049995,
                0.341540877694733
            ],
            "eval_masks": [
                0.0,
                0.0,
                0.0,
                0.0,
                0.0,
                1.0,
                1.0,
                1.0,
                1.0,
                1.0,
                0.0,
                0.0,
                0.0,
                0.0,
                0.0
            ]
        }
    ],
    "label": 1,
    "is_train": 1
}



Json, train = 0
{
    "forward": [
        {
            "values": [
                -0.30399101538977846,
                -0.3258734524434907,
                -0.24928492275549782,
                -0.26022614128235394,
                -0.08516664485265592,
                0.0,
                0.0,
                0.0,
                0.0,
                0.0,
                -0.12893151896008043,
                -0.2711673598092101,
                -0.30399101538977846,
                -0.23834370422864168,
                -0.19457883012121718
            ],
            "masks": [
                1.0,
                1.0,
                1.0,
                1.0,
                1.0,
                0.0,
                0.0,
                0.0,
                0.0,
                0.0,
                1.0,
                1.0,
                1.0,
                1.0,
                1.0
            ],
            "deltas": [
                0.0,
                1.0,
                1.0,
                1.0,
                1.0,
                1.0,
                2.0,
                3.0,
                4.0,
                5.0,
                6.0,
                1.0,
                1.0,
                1.0,
                1.0
            ],
            "forwards": [
                -0.30399101538977846,
                -0.3258734524434907,
                -0.24928492275549782,
                -0.26022614128235394,
                -0.08516664485265592,
                0.0,
                0.0,
                0.0,
                0.0,
                0.0,
                -0.12893151896008043,
                -0.2711673598092101,
                -0.30399101538977846,
                -0.23834370422864168,
                -0.19457883012121718
            ],
            "evals": [
                -0.30399101538977846,
                -0.3258734524434907,
                -0.24928492275549782,
                -0.26022614128235394,
                -0.08516664485265592,
                0.17742259979189112,
                0.1227165071576105,
                0.1227165071576105,
                -0.01951933369151915,
                -0.05234298927208753,
                -0.12893151896008043,
                -0.2711673598092101,
                -0.30399101538977846,
                -0.23834370422864168,
                -0.19457883012121718
            ],
            "eval_masks": [
                0.0,
                0.0,
                0.0,
                0.0,
                0.0,
                1.0,
                1.0,
                1.0,
                1.0,
                1.0,
                0.0,
                0.0,
                0.0,
                0.0,
                0.0
            ]
        }
    ],
    "backward": [
        {
            "values": [
                -0.30399101538977846,
                -0.3258734524434907,
                -0.24928492275549782,
                -0.26022614128235394,
                -0.08516664485265592,
                0.0,
                0.0,
                0.0,
                0.0,
                0.0,
                -0.12893151896008043,
                -0.2711673598092101,
                -0.30399101538977846,
                -0.23834370422864168,
                -0.19457883012121718
            ],
            "masks": [
                1.0,
                1.0,
                1.0,
                1.0,
                1.0,
                0.0,
                0.0,
                0.0,
                0.0,
                0.0,
                1.0,
                1.0,
                1.0,
                1.0,
                1.0
            ],
            "deltas": [
                0.0,
                1.0,
                1.0,
                1.0,
                1.0,
                1.0,
                2.0,
                3.0,
                4.0,
                5.0,
                6.0,
                1.0,
                1.0,
                1.0,
                1.0
            ],
            "forwards": [
                -0.30399101538977846,
                -0.3258734524434907,
                -0.24928492275549782,
                -0.26022614128235394,
                -0.08516664485265592,
                0.0,
                0.0,
                0.0,
                0.0,
                0.0,
                -0.12893151896008043,
                -0.2711673598092101,
                -0.30399101538977846,
                -0.23834370422864168,
                -0.19457883012121718
            ],
            "evals": [
                -0.30399101538977846,
                -0.3258734524434907,
                -0.24928492275549782,
                -0.26022614128235394,
                -0.08516664485265592,
                0.17742259979189112,
                0.1227165071576105,
                0.1227165071576105,
                -0.01951933369151915,
                -0.05234298927208753,
                -0.12893151896008043,
                -0.2711673598092101,
                -0.30399101538977846,
                -0.23834370422864168,
                -0.19457883012121718
            ],
            "eval_masks": [
                0.0,
                0.0,
                0.0,
                0.0,
                0.0,
                1.0,
                1.0,
                1.0,
                1.0,
                1.0,
                0.0,
                0.0,
                0.0,
                0.0,
                0.0
            ]
        }
    ],
    "label": 0,
    "is_train": 0
}